huarongdao
2 4 4 2
2 4 4 2
2 3 3 2
2 1 1 2
1 0 0 1







张曹操马
飞曹操超
黄关羽赵
忠兵兵云
兵    兵

1
2 4 4 2
2 4 4 2
2 3 3 2
2 0 1 2
1 1 0 1


2
2 4 4 2
2 4 4 2
2 3 3 2
2 0 1 2
1 0 1 1


3
2 4 4 2
2 4 4 2
2 3 3 2
2 0 1 2
0 1 1 1


4
2 4 4 2
2 4 4 2
0 3 3 2
2 0 1 2
2 1 1 1


5
0 4 4 2
2 4 4 2
2 3 3 2
2 0 1 2
2 1 1 1


6
2 4 4 2
2 4 4 2
3 3 1 2
2 0 0 2
2 1 1 1


7
0 4 4 2
0 4 4 2
2 2 3 3
2 2 1 2
1 1 1 2


8
4 4 0 2
4 4 0 2
2 2 3 3
2 2 1 2
1 1 1 2


9
4 4 2 0
4 4 2 0
2 2 3 3
2 2 1 2
1 1 1 2


10
0 4 4 2
2 4 4 2
2 3 3 0
1 2 1 2
1 2 1 2


11
0 4 4 0
2 4 4 2
2 3 3 2
1 2 1 2
1 2 1 2


12
0 4 4 2
2 4 4 2
2 3 3 2
1 2 1 2
1 2 0 1


13
0 4 4 2
2 4 4 2
2 3 3 2
1 2 0 2
1 2 1 1


14
2 4 4 2
2 4 4 2
3 3 1 2
1 0 2 2
1 0 2 1


15
2 4 4 2
2 4 4 2
3 3 1 2
1 0 2 2
0 1 2 1


16
2 4 4 2
2 4 4 2
3 3 1 2
1 1 2 2
0 0 2 1


17
2 4 4 2
2 4 4 2
0 0 1 2
3 3 2 2
1 1 2 1


18
0 4 4 2
2 4 4 2
2 0 1 2
3 3 2 2
1 1 2 1


19
0 4 4 2
2 4 4 2
2 1 0 2
3 3 2 2
1 1 2 1


20
0 4 4 2
2 4 4 2
2 1 2 2
3 3 2 2
1 1 0 1


21
0 4 4 2
2 4 4 2
2 1 2 2
3 3 2 2
1 0 1 1


22
0 4 4 2
2 4 4 2
2 1 2 2
3 3 2 2
0 1 1 1


23
0 4 4 0
2 4 4 2
2 1 2 2
3 3 2 2
1 1 1 2


24
2 4 4 0
2 4 4 2
1 1 2 2
3 3 2 2
1 1 0 2


25
2 4 4 0
2 4 4 2
1 1 2 2
3 3 2 2
1 0 1 2


26
2 4 4 0
2 4 4 2
1 1 2 2
3 3 2 2
0 1 1 2


27
2 4 4 2
2 4 4 2
1 1 0 2
3 3 2 2
1 0 2 1


28
2 4 4 2
2 4 4 2
1 0 1 2
3 3 2 2
1 0 2 1


29
2 4 4 2
2 4 4 2
1 0 1 2
3 3 2 2
0 1 2 1


30
2 4 4 2
2 4 4 2
0 1 1 2
3 3 2 2
0 1 2 1


31
0 4 4 2
2 4 4 2
2 1 1 2
3 3 2 2
0 1 2 1


32
2 4 4 2
2 4 4 2
1 2 0 2
1 2 0 2
3 3 1 1


33
2 4 4 2
2 4 4 2
1 2 2 0
1 2 2 0
3 3 1 1


34
2 4 4 0
2 4 4 2
1 2 2 2
1 2 2 0
3 3 1 1


35
2 4 4 0
2 4 4 0
1 2 2 2
1 2 2 2
3 3 1 1


36
2 0 4 4
2 0 4 4
1 2 2 2
1 2 2 2
3 3 1 1


37
0 2 4 4
0 2 4 4
1 2 2 2
1 2 2 2
3 3 1 1


38
0 2 4 4
1 2 4 4
0 2 2 2
1 2 2 2
3 3 1 1


39
0 2 4 4
1 2 4 4
1 2 2 2
0 2 2 2
3 3 1 1


40
1 2 4 4
0 2 4 4
1 2 2 2
0 2 2 2
3 3 1 1


41
1 2 4 4
1 2 4 4
0 2 2 2
0 2 2 2
3 3 1 1


42
1 2 4 4
1 2 4 4
2 0 2 2
2 0 2 2
3 3 1 1


43
1 0 4 4
1 2 4 4
2 2 2 2
2 0 2 2
3 3 1 1


44
1 0 4 4
1 0 4 4
2 2 2 2
2 2 2 2
3 3 1 1


45
1 4 4 0
1 4 4 0
2 2 2 2
2 2 2 2
3 3 1 1


46
1 4 4 0
1 4 4 2
2 2 2 2
2 2 2 0
3 3 1 1


47
1 4 4 2
1 4 4 2
2 2 2 0
2 2 2 0
3 3 1 1


48
1 4 4 2
1 4 4 2
2 2 0 2
2 2 0 2
3 3 1 1


49
1 4 4 2
1 4 4 2
2 0 2 2
2 0 2 2
3 3 1 1


50
1 4 4 2
1 4 4 2
0 2 2 2
0 2 2 2
3 3 1 1


51
1 4 4 2
0 4 4 2
1 2 2 2
0 2 2 2
3 3 1 1


52
1 4 4 2
0 4 4 2
0 2 2 2
1 2 2 2
3 3 1 1


53
0 4 4 2
1 4 4 2
0 2 2 2
1 2 2 2
3 3 1 1


54
0 4 4 2
0 4 4 2
1 2 2 2
1 2 2 2
3 3 1 1


55
1 4 4 0
1 4 4 2
2 2 1 2
2 2 1 2
0 3 3 2


56
1 4 4 0
1 4 4 2
0 2 1 2
2 2 1 2
2 3 3 2


57
1 4 4 0
0 4 4 2
1 2 1 2
2 2 1 2
2 3 3 2


58
0 4 4 0
1 4 4 2
1 2 1 2
2 2 1 2
2 3 3 2


59
0 4 4 2
1 4 4 2
1 2 1 1
2 2 0 2
2 3 3 2


60
1 4 4 2
2 4 4 2
2 1 1 2
0 2 1 2
0 2 3 3


61
1 4 4 2
2 4 4 2
2 1 1 2
2 0 1 2
2 0 3 3


62
1 4 4 2
2 4 4 2
2 1 1 2
2 0 1 2
2 3 3 0


63
1 4 4 2
2 4 4 2
2 1 1 0
2 0 1 2
2 3 3 2


64
1 4 4 0
2 4 4 2
2 1 1 2
2 0 1 2
2 3 3 2


65
1 4 4 0
2 4 4 2
2 1 1 2
2 1 0 2
2 3 3 2


66
1 4 4 2
2 4 4 2
2 0 1 1
2 1 0 2
2 3 3 2


67
0 1 0 2
2 4 4 2
2 4 4 1
2 1 1 2
2 3 3 2


68
2 1 0 2
2 4 4 2
0 4 4 1
2 1 1 2
2 3 3 2


69
2 1 0 2
2 4 4 2
2 4 4 1
2 1 1 2
0 3 3 2


70
2 1 0 2
2 4 4 2
2 4 4 1
2 1 1 2
3 3 0 2


71
2 1 0 2
2 4 4 2
2 4 4 1
2 1 0 2
3 3 1 2


72
2 1 0 2
2 4 4 2
2 4 4 1
2 0 1 2
3 3 1 2


73
2 0 1 2
2 4 4 2
2 4 4 1
2 0 1 2
3 3 1 2


74
0 1 1 2
2 0 1 2
2 4 4 2
2 4 4 2
2 1 3 3


75
2 1 1 2
2 0 1 2
0 4 4 2
2 4 4 2
2 1 3 3


76
2 1 1 2
2 0 1 2
2 4 4 2
2 4 4 2
0 1 3 3


77
2 1 1 2
2 0 1 2
2 4 4 2
2 4 4 2
1 0 3 3


78
2 1 1 2
2 0 1 2
2 4 4 2
2 4 4 2
1 3 3 0


79
2 1 1 2
2 0 1 2
2 4 4 0
2 4 4 2
1 3 3 2


80
2 1 1 0
2 0 1 2
2 4 4 2
2 4 4 2
1 3 3 2


81
2 0 1 0
2 1 1 2
2 4 4 2
2 4 4 2
1 3 3 2


82
2 0 0 1
2 1 1 2
2 4 4 2
2 4 4 2
1 3 3 2


83
2 1 1 1
2 4 4 2
2 4 4 2
2 0 0 2
1 3 3 2


84
2 1 1 1
2 4 4 2
2 4 4 2
2 3 3 2
1 0 0 2


85
2 1 1 1
2 4 4 2
2 4 4 2
2 3 3 2
0 1 0 2


86
2 1 1 1
2 4 4 2
0 4 4 2
2 3 3 2
2 1 0 2


87
0 1 1 1
2 4 4 2
2 4 4 2
2 3 3 2
2 1 0 2


88
0 1 1 1
2 4 4 2
2 4 4 2
2 3 3 2
2 0 1 2


89
1 0 1 1
2 4 4 2
2 4 4 2
2 3 3 2
2 0 1 2


90
2 2 1 1
2 2 2 0
4 4 2 2
4 4 1 2
1 3 3 0


91
2 2 1 1
2 2 2 0
4 4 2 2
4 4 1 2
1 0 3 3


92
2 2 1 1
2 2 2 2
4 4 2 2
4 4 1 0
1 0 3 3


93
2 2 1 1
2 2 2 2
4 4 2 2
4 4 1 0
0 1 3 3


94
2 2 1 1
2 2 2 2
4 4 2 2
4 4 0 1
0 1 3 3


95
2 2 1 1
2 2 0 2
4 4 2 2
4 4 2 1
0 1 3 3


96
2 2 0 1
2 2 1 2
4 4 2 2
4 4 2 1
0 1 3 3


97
2 2 1 0
2 2 1 2
4 4 2 2
4 4 2 1
0 1 3 3


98
2 2 1 2
2 2 1 2
4 4 2 0
4 4 2 1
0 1 3 3


99
2 2 1 2
2 2 1 2
4 4 2 1
4 4 2 0
0 1 3 3


100
0 2 1 2
2 2 1 2
2 4 4 2
0 4 4 2
1 3 3 1


101
0 2 1 2
0 2 1 2
2 4 4 2
2 4 4 2
1 3 3 1


102
2 0 1 2
2 0 1 2
2 4 4 2
2 4 4 2
1 3 3 1


103
2 0 1 2
2 1 0 2
2 4 4 2
2 4 4 2
1 3 3 1


104
2 1 1 2
2 0 0 2
2 4 4 2
2 4 4 2
1 3 3 1


105
2 1 1 2
2 4 4 2
2 4 4 2
2 0 0 2
1 3 3 1


106
2 1 1 2
2 4 4 2
2 4 4 2
2 3 3 2
1 0 0 1


107
2 1 1 2
2 4 4 2
2 4 4 2
2 3 3 2
0 1 0 1


108
2 1 1 2
2 4 4 2
0 4 4 2
2 3 3 2
2 1 0 1


109
0 1 1 2
2 4 4 2
2 4 4 2
2 3 3 2
2 1 0 1


110
0 1 1 2
2 4 4 2
2 4 4 2
2 3 3 2
2 0 1 1


111
1 0 1 2
2 4 4 2
2 4 4 2
2 3 3 2
2 0 1 1


112
1 1 0 2
2 4 4 2
2 4 4 2
2 3 3 2
2 0 1 1


113
1 0 1 0
2 4 4 2
2 4 4 2
2 3 3 2
2 1 1 2


114
1 1 0 0
2 4 4 2
2 4 4 2
2 3 3 2
2 1 1 2


115
1 4 4 1
2 4 4 2
2 0 0 2
2 3 3 2
2 1 1 2


bfs  Elapsed time: 6.215000 seconds
2 2 2 2
2 2 2 2
1 1 3 3
0 4 4 1
0 4 4 1

张曹操马
飞曹操超
黄关羽赵
忠兵兵云
兵    兵

  0  <^>v兵8  右
张曹操马
飞曹操超
黄关羽赵
忠兵兵云
  兵  兵

  1  <^>v黄忠3  下
张曹操马
飞曹操超
  关羽赵
黄兵兵云
忠兵  兵

  2  <^>v关羽4  左
张曹操马
飞曹操超
关羽  赵
黄兵兵云
忠兵  兵

  3  <^>v兵7  上
张曹操马
飞曹操超
关羽兵赵
黄兵  云
忠兵  兵

  4  <^>v兵9  左
张曹操马
飞曹操超
关羽兵赵
黄兵  云
忠兵兵

  5  <^>v赵云5  下
张曹操马
飞曹操超
关羽兵
黄兵  赵
忠兵兵云

  6  <^>v兵7  右
张曹操马
飞曹操超
关羽  兵
黄兵  赵
忠兵兵云

  7  <^>v关羽4  右
张曹操马
飞曹操超
  关羽兵
黄兵  赵
忠兵兵云

  8  <^>v黄忠3  上
张曹操马
飞曹操超
黄关羽兵
忠兵  赵
  兵兵云

  9  <^>v兵8  左
张曹操马
飞曹操超
黄关羽兵
忠兵  赵
兵  兵云

  10  <^>v兵9  左
张曹操马
飞曹操超
黄关羽兵
忠兵  赵
兵兵  云

  11  <^>v赵云5  左
张曹操马
飞曹操超
黄关羽兵
忠兵赵
兵兵云

  12  <^>v兵7  下
张曹操马
飞曹操超
黄关羽
忠兵赵兵
兵兵云

  13  <^>v关羽4  右
张曹操马
飞曹操超
黄  关羽
忠兵赵兵
兵兵云

  14  <^>v兵6  上
张曹操马
飞曹操超
黄兵关羽
忠  赵兵
兵兵云

  15  <^>v兵7  下
张曹操马
飞曹操超
黄兵关羽
忠  赵
兵兵云兵

  16  <^>v兵9  上
张曹操马
飞曹操超
黄兵关羽
忠兵赵
兵  云兵

  17  <^>v兵8  右
张曹操马
飞曹操超
黄兵关羽
忠兵赵
  兵云兵

  18  <^>v黄忠3  下
张曹操马
飞曹操超
  兵关羽
黄兵赵
忠兵云兵

  19  <^>v兵6  左
张曹操马
飞曹操超
兵  关羽
黄兵赵
忠兵云兵

  20  <^>v关羽4  左
张曹操马
飞曹操超
兵关羽
黄兵赵
忠兵云兵

  21  <^>v马超2  下
张曹操
飞曹操马
兵关羽超
黄兵赵
忠兵云兵

  22  <^>v马超2  下
张曹操
飞曹操
兵关羽马
黄兵赵超
忠兵云兵

  23  <^>v曹操1  右
张  曹操
飞  曹操
兵关羽马
黄兵赵超
忠兵云兵

  24  <^>v张飞0  右
  张曹操
  飞曹操
兵关羽马
黄兵赵超
忠兵云兵

  25  <^>v兵6  上
  张曹操
兵飞曹操
  关羽马
黄兵赵超
忠兵云兵

  26  <^>v黄忠3  上
  张曹操
兵飞曹操
黄关羽马
忠兵赵超
  兵云兵

  27  <^>v兵6  上
兵张曹操
  飞曹操
黄关羽马
忠兵赵超
  兵云兵

  28  <^>v黄忠3  上
兵张曹操
黄飞曹操
忠关羽马
  兵赵超
  兵云兵

  29  <^>v兵8  左
兵张曹操
黄飞曹操
忠关羽马
  兵赵超
兵  云兵

  30  <^>v兵9  左
兵张曹操
黄飞曹操
忠关羽马
兵  赵超
兵  云兵

  31  <^>v赵云5  左
兵张曹操
黄飞曹操
忠关羽马
兵赵  超
兵云  兵

  32  <^>v兵7  左
兵张曹操
黄飞曹操
忠关羽马
兵赵  超
兵云兵

  33  <^>v马超2  下
兵张曹操
黄飞曹操
忠关羽
兵赵  马
兵云兵超

  34  <^>v关羽4  右
兵张曹操
黄飞曹操
忠  关羽
兵赵  马
兵云兵超

  35  <^>v赵云5  上
兵张曹操
黄飞曹操
忠赵关羽
兵云  马
兵  兵超

  36  <^>v兵7  上
兵张曹操
黄飞曹操
忠赵关羽
兵云兵马
兵    超

  37  <^>v兵8  右
兵张曹操
黄飞曹操
忠赵关羽
兵云兵马
  兵  超

  38  <^>v兵8  右
兵张曹操
黄飞曹操
忠赵关羽
兵云兵马
    兵超

  39  <^>v赵云5  下
兵张曹操
黄飞曹操
忠  关羽
兵赵兵马
  云兵超

  40  <^>v张飞0  下
兵  曹操
黄张曹操
忠飞关羽
兵赵兵马
  云兵超

  41  <^>v兵6  右
  兵曹操
黄张曹操
忠飞关羽
兵赵兵马
  云兵超

  42  <^>v黄忠3  上
黄兵曹操
忠张曹操
  飞关羽
兵赵兵马
  云兵超

  43  <^>v兵9  上
黄兵曹操
忠张曹操
兵飞关羽
  赵兵马
  云兵超

  44  <^>v赵云5  左
黄兵曹操
忠张曹操
兵飞关羽
赵  兵马
云  兵超

  45  <^>v张飞0  下
黄兵曹操
忠  曹操
兵张关羽
赵飞兵马
云  兵超

  46  <^>v张飞0  下
黄兵曹操
忠  曹操
兵  关羽
赵张兵马
云飞兵超

  47  <^>v兵9  右
黄兵曹操
忠  曹操
  兵关羽
赵张兵马
云飞兵超

  48  <^>v兵9  上
黄兵曹操
忠兵曹操
    关羽
赵张兵马
云飞兵超

  49  <^>v关羽4  左
黄兵曹操
忠兵曹操
  关羽
赵张兵马
云飞兵超

  50  <^>v马超2  上
黄兵曹操
忠兵曹操
  关羽马
赵张兵超
云飞兵

  51  <^>v关羽4  左
黄兵曹操
忠兵曹操
关羽  马
赵张兵超
云飞兵

  52  <^>v兵8  右
黄兵曹操
忠兵曹操
关羽  马
赵张兵超
云飞  兵

  53  <^>v兵7  下
黄兵曹操
忠兵曹操
关羽  马
赵张  超
云飞兵兵

  54  <^>v马超2  左
黄兵曹操
忠兵曹操
关羽马
赵张超
云飞兵兵

  55  <^>v兵8  上
黄兵曹操
忠兵曹操
关羽马
赵张超兵
云飞兵

  56  <^>v兵7  右
黄兵曹操
忠兵曹操
关羽马
赵张超兵
云飞  兵

  57  <^>v马超2  下
黄兵曹操
忠兵曹操
关羽
赵张马兵
云飞超兵

  58  <^>v关羽4  右
黄兵曹操
忠兵曹操
  关羽
赵张马兵
云飞超兵

  59  <^>v黄忠3  下
  兵曹操
黄兵曹操
忠关羽
赵张马兵
云飞超兵

  60  <^>v关羽4  右
  兵曹操
黄兵曹操
忠  关羽
赵张马兵
云飞超兵

  61  <^>v张飞0  上
  兵曹操
黄兵曹操
忠张关羽
赵飞马兵
云  超兵

  62  <^>v兵6  左
兵  曹操
黄兵曹操
忠张关羽
赵飞马兵
云  超兵

  63  <^>v兵9  上
兵兵曹操
黄  曹操
忠张关羽
赵飞马兵
云  超兵

  64  <^>v张飞0  上
兵兵曹操
黄张曹操
忠飞关羽
赵  马兵
云  超兵

  65  <^>v马超2  左
兵兵曹操
黄张曹操
忠飞关羽
赵马  兵
云超  兵

  66  <^>v兵7  左
兵兵曹操
黄张曹操
忠飞关羽
赵马  兵
云超兵

  67  <^>v兵8  下
兵兵曹操
黄张曹操
忠飞关羽
赵马
云超兵兵

  68  <^>v关羽4  下
兵兵曹操
黄张曹操
忠飞
赵马关羽
云超兵兵

  69  <^>v曹操1  下
兵兵
黄张曹操
忠飞曹操
赵马关羽
云超兵兵

  70  <^>v兵9  右
兵  兵
黄张曹操
忠飞曹操
赵马关羽
云超兵兵

  71  <^>v兵6  右
  兵兵
黄张曹操
忠飞曹操
赵马关羽
云超兵兵

  72  <^>v黄忠3  上
黄兵兵
忠张曹操
  飞曹操
赵马关羽
云超兵兵

  73  <^>v赵云5  上
黄兵兵
忠张曹操
赵飞曹操
云马关羽
  超兵兵

  74  <^>v兵9  右
黄兵  兵
忠张曹操
赵飞曹操
云马关羽
  超兵兵

  75  <^>v兵6  右
黄  兵兵
忠张曹操
赵飞曹操
云马关羽
  超兵兵

  76  <^>v张飞0  上
黄张兵兵
忠飞曹操
赵  曹操
云马关羽
  超兵兵

  77  <^>v马超2  上
黄张兵兵
忠飞曹操
赵马曹操
云超关羽
    兵兵

  78  <^>v兵7  左
黄张兵兵
忠飞曹操
赵马曹操
云超关羽
  兵  兵

  79  <^>v兵7  左
黄张兵兵
忠飞曹操
赵马曹操
云超关羽
兵    兵

  80  <^>v兵8  左
黄张兵兵
忠飞曹操
赵马曹操
云超关羽
兵  兵

  81  <^>v兵8  左
黄张兵兵
忠飞曹操
赵马曹操
云超关羽
兵兵

  82  <^>v关羽4  下
黄张兵兵
忠飞曹操
赵马曹操
云超
兵兵关羽

  83  <^>v曹操1  下
黄张兵兵
忠飞
赵马曹操
云超曹操
兵兵关羽

  84  <^>v兵6  下
黄张  兵
忠飞兵
赵马曹操
云超曹操
兵兵关羽

  85  <^>v兵6  右
黄张  兵
忠飞  兵
赵马曹操
云超曹操
兵兵关羽

  86  <^>v张飞0  右
黄  张兵
忠  飞兵
赵马曹操
云超曹操
兵兵关羽

  87  <^>v马超2  上
黄  张兵
忠马飞兵
赵超曹操
云  曹操
兵兵关羽

  88  <^>v马超2  上
黄马张兵
忠超飞兵
赵  曹操
云  曹操
兵兵关羽

  89  <^>v曹操1  左
黄马张兵
忠超飞兵
赵曹操
云曹操
兵兵关羽

  90  <^>v兵6  下
黄马张兵
忠超飞
赵曹操兵
云曹操
兵兵关羽

  91  <^>v兵6  下
黄马张兵
忠超飞
赵曹操
云曹操兵
兵兵关羽

  92  <^>v兵9  下
黄马张
忠超飞兵
赵曹操
云曹操兵
兵兵关羽

  93  <^>v兵9  下
黄马张
忠超飞
赵曹操兵
云曹操兵
兵兵关羽

  94  <^>v张飞0  右
黄马  张
忠超  飞
赵曹操兵
云曹操兵
兵兵关羽

  95  <^>v马超2  右
黄  马张
忠  超飞
赵曹操兵
云曹操兵
兵兵关羽

  96  <^>v黄忠3  右
  黄马张
  忠超飞
赵曹操兵
云曹操兵
兵兵关羽

  97  <^>v赵云5  上
  黄马张
赵忠超飞
云曹操兵
  曹操兵
兵兵关羽

  98  <^>v赵云5  上
赵黄马张
云忠超飞
  曹操兵
  曹操兵
兵兵关羽

  99  <^>v曹操1  左
赵黄马张
云忠超飞
曹操  兵
曹操  兵
兵兵关羽

  100  <^>v兵6  左
赵黄马张
云忠超飞
曹操  兵
曹操兵
兵兵关羽

  101  <^>v兵6  上
赵黄马张
云忠超飞
曹操兵兵
曹操
兵兵关羽

  102  <^>v关羽4  上
赵黄马张
云忠超飞
曹操兵兵
曹操关羽
兵兵

  103  <^>v兵8  右
赵黄马张
云忠超飞
曹操兵兵
曹操关羽
兵  兵

  104  <^>v兵7  右
赵黄马张
云忠超飞
曹操兵兵
曹操关羽
  兵兵

  105  <^>v兵8  右
赵黄马张
云忠超飞
曹操兵兵
曹操关羽
  兵  兵

  106  <^>v兵7  右
赵黄马张
云忠超飞
曹操兵兵
曹操关羽
    兵兵

  107  <^>v曹操1  下
赵黄马张
云忠超飞
    兵兵
曹操关羽
曹操兵兵

  108  <^>v兵6  左
赵黄马张
云忠超飞
  兵  兵
曹操关羽
曹操兵兵

  109  <^>v兵6  左
赵黄马张
云忠超飞
兵    兵
曹操关羽
曹操兵兵

  110  <^>v兵9  左
赵黄马张
云忠超飞
兵  兵
曹操关羽
曹操兵兵

  111  <^>v兵9  左
赵黄马张
云忠超飞
兵兵
曹操关羽
曹操兵兵

  112  <^>v关羽4  上
赵黄马张
云忠超飞
兵兵关羽
曹操
曹操兵兵

  113  <^>v兵7  上
赵黄马张
云忠超飞
兵兵关羽
曹操兵
曹操  兵

  114  <^>v兵7  右
赵黄马张
云忠超飞
兵兵关羽
曹操  兵
曹操  兵

