#三国华容道 
#0:张飞,1:曹操,2:马超,3:黄忠,4:关羽,5:赵云,6:兵,7:兵,8:兵,9:兵
#0为空，1为1*1的兵，2为2*1的武将，3为1*2的武将，4为2*2的曹操
M1-横刀立马
0  0 0  2
1  0 1  4
2  0 3  2
3  2 0  2
4  2 1  3
5  2 3  2
6  3 1  1
7  3 2  1
8  4 0  1
9  4 3  1
10 4 1  1
11 4 2  1

M2-四路进兵
0  3 2 3
1  0 0 4
2  4 0 3
3  4 2 3
4  3 0 3
5  0 3 2
6  0 2 1
7  1 2 1
8  2 0 1
9  2 1 1
10 2 2 1
11 2 3 1

M3-五将逼宫
0  0 2 3
1  1 1 4
2  3 1 3
3  1 0 2
4  0 0 3
5  1 3 2
6  3 0 1
7  4 0 1
8  3 3 1
9  4 3 1
10 4 1 1
11 4 2 1

M4-巧过五关 
0  2 2 3
1  0 1 4
2  3 0 3
3  3 2 3
4  2 0 3
5  4 1 3
6  0 0 1
7  0 3 1
8  1 0 1
9  1 3 1
10 4 0 1
11 4 3 1

M5-兵临曹营
0  2 0 2
1  0 1 4
2  2 3 2
3  3 1 2
4  2 1 3
5  3 2 2
6  0 0 1
7  0 3 1
8  1 0 1
9  1 3 1
10 4 0 1
11 4 3 1

M6-层层设防
1  0 1 4
2  4 1 3
0  3 1 3
3  0 0 2
4  2 1 3
5  0 3 2
6  2 0 1
7  2 3 1
8  3 0 1
9  3 3 1
10 4 0 1
11 4 3 1

M7-前呼后拥
0  2 0 3
1  0 2 4
2  2 2 3
3  3 0 3
4  1 0 3
5  3 2 3
6  0 0 1
7  0 1 1
8  4 2 1
9  4 3 1
10 4 0 1
11 4 1 1

M8-守口如瓶
0  4 2  3
1  0 1  4
2  0 0  2
3  0 3  2
4  4 0  3
5  2 1  2
6  2 0  1
7  2 3  1
8  3 0  1
9  3 3  1
10 2 2  1
11 3 2  1

